[0.9999896451167778, -0.002794229824729888, -0.003591926907339784, 0.004017489917295889;
 0.002787492313326593, 0.9999943488982397, -0.001879377074693454, -0.01288981873141651;
 0.003597158020469314, 0.001869345145319117, 0.9999917829676919, 0.6756932682195292;
 0, 0, 0, 1]
[0.9999698977233085, -0.001235784655756471, -0.00766005767086226, -0.009665747967052699;
 0.00120969014157095, 0.9999934533445202, -0.00341026653832029, -0.01971310065007519;
 0.007664221878163818, 0.003400897585285065, 0.9999648461814129, 1.374318264008706;
 0, 0, 0, 1]
[0.9999329298462002, -0.001341575886436717, -0.01150373779844024, -0.02639096763843185;
 0.001285819296077692, 0.9999873981741119, -0.004852850884595162, -0.02794272494298667;
 0.01151010329806667, 0.004837733675101724, 0.9999220538896803, 2.084835421278602;
 0, 0, 0, 1]
[0.9998613911797896, 2.12307075038713e-05, -0.01664926356549372, -0.04075329356588116;
 -0.0001148103384094953, 0.9999842027076525, -0.005619711178201862, -0.03331186924030785;
 0.01664888124176552, 0.005620843744249772, 0.9998455985145908, 2.81591518986114;
 0, 0, 0, 1]
[0.9997732825279709, -0.000837736043287705, -0.02127631879738582, -0.05687346889460637;
 0.0007122189503750257, 0.9999823041868805, -0.005906272704829097, -0.04697649953650104;
 0.02128089019315082, 0.005889780252170636, 0.9997561873782869, 3.561073858638406;
 0, 0, 0, 1]
[0.9996598965033032, 0.0010608570897598, -0.02605697421498089, -0.07792142473777856;
 -0.001253578532007413, 0.9999719747788061, -0.007380934753720265, -0.05522724566023021;
 0.02604841384555232, 0.007411088935486632, 0.9996332106812582, 4.317720540349971;
 0, 0, 0, 1]
[0.9995086028682707, 0.003874759086150393, -0.03110528949136686, -0.1094166892673851;
 -0.004138999401926049, 0.9999558575761872, -0.008435139774923031, -0.05911244608071092;
 0.03107123229400947, 0.008559739546033443, 0.9994805197614586, 5.099501495876936;
 0, 0, 0, 1]
[0.9993581542242312, 0.004420654116717804, -0.03554908441462417, -0.1442725151541054;
 -0.004665642963788536, 0.9999659165989984, -0.006811564875931377, -0.07318385840498107;
 0.03551776120861475, 0.00697305223735764, 0.9993447178932915, 5.890138827575693;
 0, 0, 0, 1]
[0.9991842772566299, 0.003798436954173424, -0.04020387991042053, -0.1770088961357079;
 -0.003968914545897662, 0.9999834652586442, -0.004161361152407187, -0.08504428477881634;
 0.04018740848168374, 0.004317532399249827, 0.9991828316747177, 6.695704070159248;
 0, 0, 0, 1]
[0.9990298995110876, 0.003458861374382023, -0.04390098132000175, -0.2131651658044161;
 -0.003524208003033978, 0.9999927942214902, -0.001411192066130244, -0.09775015605867209;
 0.04389578386152462, 0.00156453925772599, 0.9990348904698437, 7.511426758181636;
 0, 0, 0, 1]
[0.9988938266341141, 0.005238032935890797, -0.04672992748998302, -0.2596156213588384;
 -0.005338773882550885, 0.9999836855980849, -0.002031263424913192, -0.1108829315022003;
 0.04671852529444331, 0.002278497011830552, 0.9989054949521894, 8.338265379125582;
 0, 0, 0, 1]
[0.9987809762481243, 0.005003431153214386, -0.04910730252761501, -0.3052733210517812;
 -0.00512200548252017, 0.9999842625239784, -0.002289053125650992, -0.1212283271103691;
 0.04909507658289876, 0.002537790588299824, 0.9987908855582573, 9.168733504676483;
 0, 0, 0, 1]
[0.9986774518816225, 0.002058477842852925, -0.0513722665667014, -0.3397754176576453;
 -0.002218507999187527, 0.9999928625479945, -0.0030582797984486, -0.1273509472572705;
 0.05136560449841199, 0.003168204860570431, 0.9986748906188005, 10.00985333136882;
 0, 0, 0, 1]
[0.9985692197847111, 0.001925132453144534, -0.05343975265278851, -0.3906851711528361;
 -0.00205167982688855, 0.9999952196629579, -0.002313279300238507, -0.138574257368419;
 0.05343504382370527, 0.002419610768455048, 0.9985683960426983, 10.85642292794898;
 0, 0, 0, 1]
[0.9984770450621813, 0.0002943992001543132, -0.05516796002215131, -0.4354495423510547;
 -0.0004399717997499486, 0.9999964537198304, -0.002626589533753844, -0.1509165471183883;
 0.05516699111525079, 0.002646861702913346, 0.9984736337101822, 11.71216696226302;
 0, 0, 0, 1]
[0.9983687148795138, 0.002747091777149867, -0.05702948918407123, -0.4915561525356315;
 -0.003041748180729955, 0.9999824676081552, -0.005080575194824096, -0.162882517230127;
 0.05701453251437927, 0.005245756673078921, 0.998359567049414, 12.57471068600685;
 0, 0, 0, 1]
[0.9982875840261585, 0.003540082115114872, -0.05838978847224897, -0.5498529316610635;
 -0.004009328846184899, 0.999960588695915, -0.007921258556741993, -0.1733808664685205;
 0.05835944534879409, 0.008141797930300969, 0.9982624335639618, 13.44835532498092;
 0, 0, 0, 1]
[0.9981683038009108, 0.007827939665050456, -0.0599896711760712, -0.6135283485498961;
 -0.008428153196327632, 0.9999168626851335, -0.009758788429904448, -0.1848703603397899;
 0.05990829258885663, 0.01024651543309895, 0.9981512938430563, 14.32542687774749;
 0, 0, 0, 1]
[0.9981068615679201, 0.008717856117537323, -0.06088260733371375, -0.6762341895591621;
 -0.009312132424798338, 0.9999116640365242, -0.009484108466932343, -0.1989047700451781;
 0.06079454811691817, 0.0100331006385581, 0.9980998746672783, 15.21453403824516;
 0, 0, 0, 1]
[0.998021558410685, 0.007770264832752566, -0.06239063977823044, -0.7331949422309585;
 -0.008265141289601438, 0.9999363678881831, -0.007677734955809746, -0.2222656518860665;
 0.0623270116961414, 0.008178212458577116, 0.9980222745279846, 16.10465545839698;
 0, 0, 0, 1]
[0.9979268526368441, 0.008555532997863184, -0.06378714323000693, -0.7942344360519575;
 -0.008971590631502524, 0.999940290833872, -0.006239016638265122, -0.2372537615018522;
 0.06372995644015207, 0.006798354373985434, 0.9979440239963074, 17.00208651504724;
 0, 0, 0, 1]
[0.9978676037736266, 0.007827601398892461, -0.06479949070340758, -0.8562460816324214;
 -0.008236846158826203, 0.9999477696704494, -0.006050809569827316, -0.2529410360277894;
 0.06474874287920018, 0.00657165028242832, 0.9978799595683487, 17.90591629982709;
 0, 0, 0, 1]
[0.9977518727183804, 0.007827033062997191, -0.06655777971353877, -0.9289798922869411;
 -0.008310644774869015, 0.9999410189319243, -0.006992270075693281, -0.2668605727807262;
 0.06649912533553462, 0.007529688626778818, 0.9977580719386805, 18.83186003230524;
 0, 0, 0, 1]
[0.9976874465309328, 0.006137013576420711, -0.06769118184040107, -0.9897772398363509;
 -0.006659902317453183, 0.9999496841423436, -0.007501658799863482, -0.2868461539813291;
 0.06764173811863051, 0.007935127471592118, 0.9976781189423274, 19.74491026698526;
 0, 0, 0, 1]
[0.9976570143941096, 0.005868979007086064, -0.06816184207932086, -1.05803717244789;
 -0.006268632756283735, 0.999964385176766, -0.005650895629886263, -0.3038984956519026;
 0.06812624951954084, 0.006064937218752108, 0.9976582734899433, 20.67449809764508;
 0, 0, 0, 1]
[0.997660373590165, 0.006835587249814306, -0.06802245007997829, -1.12454054318756;
 -0.006988510431581185, 0.9999735591253125, -0.002010415927989713, -0.322142756515099;
 0.0680069091334156, 0.002481087907755462, 0.9976817651500473, 21.59661998222531;
 0, 0, 0, 1]
[0.9977100419179376, 0.007940003950944624, -0.06716865782019817, -1.192622852771164;
 -0.007837198715230103, 0.9999676795541722, 0.001793924007059125, -0.3382810406904648;
 0.06718073066293553, -0.001263401877508383, 0.9977400228733388, 22.53081458272139;
 0, 0, 0, 1]
[0.9978055018433074, 0.00692522215856485, -0.06584999460349668, -1.255270846805438;
 -0.006636906783244144, 0.9999674130502576, 0.004596118571892831, -0.3475398599495546;
 0.06587967789520952, -0.00414899212229836, 0.9978189484594856, 23.47355078095021;
 0, 0, 0, 1]
[0.9979022704615815, 0.007072078237590968, -0.06435094651225072, -1.319466482657855;
 -0.006745891768830181, 0.9999632815736483, 0.005284737335425455, -0.3556811029242163;
 0.06438595772266184, -0.004839546865420753, 0.9979133365349291, 24.41938195357289;
 0, 0, 0, 1]
[0.9979893422121984, 0.008075998839194607, -0.06286534079771763, -1.38423944975665;
 -0.007929210495168202, 0.9999652244153528, 0.002584101560842809, -0.3716279671611514;
 0.0628840238199431, -0.00208043329687948, 0.9980186728441065, 25.36866438614105;
 0, 0, 0, 1]
[0.9980279855309775, 0.009511705522080723, -0.06204568925429653, -1.448195259705898;
 -0.009683143718550837, 0.9999500839672631, -0.002462986315286191, -0.3816486372664073;
 0.06201916497910463, 0.003058926596801302, 0.9980702711449587, 26.31439305256785;
 0, 0, 0, 1]
[0.9981052002071114, 0.008886447339686972, -0.06088546931084538, -1.514323866032966;
 -0.009239322166435887, 0.9999420991755309, -0.005516631430306665, -0.3908342704343956;
 0.06083292073727622, 0.006068718984432584, 0.9981295138429989, 27.27456458297331;
 0, 0, 0, 1]
[0.9981725456352786, 0.00662320637146013, -0.06006415134961408, -1.576400258957756;
 -0.006910862062706257, 0.9999656189745908, -0.004582668907283952, -0.4056530739797745;
 0.06003173432059532, 0.004989389353877947, 0.9981839995052704, 28.24337928462883;
 0, 0, 0, 1]
[0.9981525703937568, 0.004512969162755352, -0.06058943245874468, -1.628350687643134;
 -0.00449193743965567, 0.9999897943968794, 0.0004833219681135557, -0.4212921034504913;
 0.06059099532418147, -0.0002102651246914038, 0.998162655619916, 29.22095415035497;
 0, 0, 0, 1]
[0.9981060602324561, 0.0005945280792832645, -0.06151373069167536, -1.677847039573566;
 -0.0003466270496619606, 0.9999917766503564, 0.004040604082503889, -0.4400256702200288;
 0.06151562709534435, -0.004011629098763781, 0.9980980585368558, 30.18641570060334;
 0, 0, 0, 1]
[0.9980070705298245, -0.007036216816885518, -0.06270868221692893, -1.730184316464941;
 0.007266034610048994, 0.9999676934635843, 0.003437552932572339, -0.45229371480377;
 0.06268246894885025, -0.003886345587366502, 0.998025953772973, 31.16725991451974;
 0, 0, 0, 1]
[0.9978947214546872, -0.009464240300936108, -0.06416036976513305, -1.793786162732286;
 0.009455769166168825, 0.999955198297458, -0.0004356918257469634, -0.460936547337394;
 0.06416161876346789, -0.0001719110730212869, 0.9979395057438276, 32.1514200932635;
 0, 0, 0, 1]
[0.9978071516268994, -0.008908906994102132, -0.0655859705911588, -1.86315536177297;
 0.008645154817107516, 0.9999533665518019, -0.004304186323283781, -0.4790242440165608;
 0.06562125768683613, 0.003727747025716419, 0.997837639318998, 33.13109713110832;
 0, 0, 0, 1]
[0.997682431538071, -0.006997829083693814, -0.06768157938758408, -1.937364182212876;
 0.006663128021634315, 0.9999644377548759, -0.00516971474473682, -0.4961328942223565;
 0.06771534925886262, 0.004706762548721394, 0.9976935791419433, 34.1179184095467;
 0, 0, 0, 1]
[0.9976326222020202, -0.006975675244908648, -0.06841411457585869, -2.013152602261139;
 0.006721921277880019, 0.9999696511555424, -0.003938596475438688, -0.5122349264458648;
 0.06843951265647011, 0.003469398037112774, 0.9976492351446001, 35.12306790347179;
 0, 0, 0, 1]
[0.9975572944146595, -0.0039760787303199, -0.06973976740737457, -2.091727960024296;
 0.003900262445237096, 0.9999916457521264, -0.001223265634032638, -0.5260345949711883;
 0.06974404858453999, 0.0009482741604774886, 0.9975644683243056, 36.1263864700671;
 0, 0, 0, 1]
[0.9974765946885794, -0.003432962052782026, -0.07091302997347916, -2.167742470929069;
 0.003455951656462388, 0.999994007878768, 0.0002015060933719164, -0.5476096501949087;
 0.07091191329123467, -0.0004460696152272032, 0.9974824818387917, 37.1282898308231;
 0, 0, 0, 1]
[0.9974037308294418, -0.001459011276539833, -0.07199770144668041, -2.24210787969756;
 0.001646990481607434, 0.9999953883491364, 0.002551607887684758, -0.5610861731308963;
 0.07199364659373686, -0.002663562755770902, 0.9974015341293508, 38.12602733609821;
 0, 0, 0, 1]
[0.9974081493136208, -0.0008676177357884387, -0.07194602784200414, -2.318580425882031;
 0.001271456948553191, 0.9999836931594669, 0.0055674780987708, -0.5780837696140499;
 0.07194002418685896, -0.005644524303859616, 0.997392987876583, 39.13278414042865;
 0, 0, 0, 1]
[0.9973441587732321, 0.005268271005150284, -0.07264209717188941, -2.395799299653429;
 -0.004690089477100363, 0.9999559716427371, 0.008127597229542051, -0.5935494073458074;
 0.07268171724450866, -0.007765313686204897, 0.9973249560106998, 40.12052912658532;
 0, 0, 0, 1]
[0.9973440928809032, 0.006003347655774359, -0.072585950517248, -2.479478501795295;
 -0.005481016619796852, 0.9999576495031294, 0.007393081697734348, -0.6053504222236341;
 0.07262725970585676, -0.00697560155827249, 0.9973347593112948, 41.12261660088672;
 0, 0, 0, 1]
[0.9973528262358008, 0.00686613146051733, -0.07238919973468075, -2.554030576595407;
 -0.006475396534948172, 0.9999631798591812, 0.005631000411054769, -0.6171643868159714;
 0.07242519754322921, -0.005147345401370815, 0.9973605644881611, 42.11267069609831;
 0, 0, 0, 1]
[0.9973434577040756, 0.00981204589643616, -0.07217860576517693, -2.643499286924843;
 -0.009601180702469292, 0.9999485680275655, 0.003267817121419403, -0.6288330458485945;
 0.07220695744869129, -0.00256613619021726, 0.9973863695885644, 43.11234583428119;
 0, 0, 0, 1]
[0.9972729571974401, 0.009914151166835862, -0.07313247192125934, -2.72446108172156;
 -0.009699683340392421, 0.9999475539326262, 0.003287176182184347, -0.6421222425461446;
 0.07316122597229187, -0.002568850092499624, 0.9973168182796447, 44.11813180961017;
 0, 0, 0, 1]
[0.997184721609346, 0.00848591610723831, -0.07450248463448622, -2.794769472110257;
 -0.0081795191756962, 0.9999567930153305, 0.004416737319440159, -0.6535216790602398;
 0.07453674566913521, -0.00379490847260275, 0.99721104697789, 45.10381702501483;
 0, 0, 0, 1]
[0.9971243398440759, 0.009538582200129677, -0.07518022572543406, -2.882083100808745;
 -0.009157322115707883, 0.9999434124158253, 0.005414371418999048, -0.6675891112805699;
 0.07522761688492462, -0.004710351983140656, 0.9971552628562969, 46.10325673054142;
 0, 0, 0, 1]
[0.9970841784954185, 0.01255782750878446, -0.0752691302087113, -2.971396774664312;
 -0.0124714820983188, 0.9999209204502909, 0.001617090013922879, -0.6812833169753688;
 0.07528348509724829, -0.0006736572581314918, 0.9971619442485314, 47.0855049665781;
 0, 0, 0, 1]
[0.9970148706584179, 0.01348141133954972, -0.07602367548515453, -3.056914205409009;
 -0.01371689934958123, 0.9999026001154357, -0.002576228759869252, -0.6959888979803421;
 0.07598153958832141, 0.003611347488622612, 0.9971026846875426, 48.05168428069059;
 0, 0, 0, 1]
[0.9969578750994167, 0.01491538470754804, -0.07650180766675788, -3.139178113407766;
 -0.01524672581980137, 0.9998767339725565, -0.003748894790232383, -0.7159277356918999;
 0.07643646138480995, 0.004903892270255584, 0.997062394843758, 49.02047995762437;
 0, 0, 0, 1]
[0.996982765585764, 0.01364393884639637, -0.07641471100329586, -3.219700676787747;
 -0.01369994227613986, 0.9999061296057672, -0.0002087065977728877, -0.7319270559250929;
 0.07640469034419177, 0.001254954010836668, 0.9970760995951305, 49.99763771034657;
 0, 0, 0, 1]
[0.996987707764365, 0.01179892638922467, -0.07665700165554946, -3.29635086026385;
 -0.0116044254115019, 0.9999282191864992, 0.002982245024158383, -0.7468762783141579;
 0.07668668644312462, -0.002083701172646152, 0.9970530629368713, 50.97821127516216;
 0, 0, 0, 1]
[0.9969820336672782, 0.009873724198253222, -0.07700216954810457, -3.370081615336844;
 -0.009615360699085551, 0.9999468320184809, 0.003725315399971337, -0.7615855571306088;
 0.07703485823498776, -0.002973668888698302, 0.9970239655645472, 51.9406624188768;
 0, 0, 0, 1]
[0.9969895017755539, 0.006830757653779467, -0.07723518692414873, -3.444172105250117;
 -0.006670095912067124, 0.9999750216105444, 0.002337942581337438, -0.7723034094599558;
 0.07724922763275147, -0.001815738104776975, 0.9970101603921988, 52.90182102222614;
 0, 0, 0, 1]
[0.9969461606181217, 0.004239664125939815, -0.07797677908765753, -3.514688979964734;
 -0.004188146532645024, 0.9999908900153904, 0.0008242055851787209, -0.78341409253679;
 0.07797956307525186, -0.0004951104167411546, 0.9969548347885514, 53.86219877019455;
 0, 0, 0, 1]
[0.9968537430297368, 0.003011812004265959, -0.07920570684018904, -3.590035946381523;
 -0.002881260159985711, 0.9999942959551946, 0.001762497365407462, -0.7946882133856555;
 0.07921056335801084, -0.001528739848224388, 0.9968567347452604, 54.81933431861585;
 0, 0, 0, 1]
[0.9967865134252236, 0.000634412462261736, -0.08010146174954651, -3.668029835082587;
 -0.0001775492074830873, 0.9999836789107281, 0.005710550625168389, -0.8097696931283979;
 0.08010377725092133, -0.005677977896348014, 0.9967703574229837, 55.76863431108092;
 0, 0, 0, 1]
[0.9967424252526245, 0.000340465190747327, -0.08064999556707929, -3.741620825939102;
 0.0005090491042749302, 0.9999446120388955, 0.0105125507556543, -0.8182130263795369;
 0.08064910768585987, -0.01051936014378543, 0.9966870444084438, 56.70870709688104;
 0, 0, 0, 1]
[0.996716195439711, 0.002244524418332769, -0.08094311495317481, -3.828821391150424;
 -0.001235860263934741, 0.9999209913796777, 0.01250934241629773, -0.8223995560944604;
 0.08096479727384827, -0.01236822980121521, 0.9966402201867975, 57.65726958968904;
 0, 0, 0, 1]
[0.9966010121283024, 0.003473478368569568, -0.08230648560633483, -3.912702412462301;
 -0.002790987066920192, 0.9999607767378816, 0.008405675282946466, -0.8286955755709013;
 0.08233245420874423, -0.008147388157755429, 0.9965716166187812, 58.59348863961749;
 0, 0, 0, 1]
[0.9964881628673217, 0.005650820342686862, -0.08354286022614051, -4.001379017292166;
 -0.005632992778290321, 0.9999840337211812, 0.0004491047460992923, -0.8400719576912273;
 0.08354406416777593, 2.306876495603641e-05, 0.9965040836896563, 59.51440784484469;
 0, 0, 0, 1]
[0.9963934164020422, 0.007619431749369359, -0.08451096976418337, -4.085850556545267;
 -0.008034429459171013, 0.9999572735081387, -0.004571553503195766, -0.8556007751772358;
 0.08447252626701525, 0.00523406323841037, 0.9964120617937559, 60.42629825962185;
 0, 0, 0, 1]
[0.9962557144359758, 0.01305699288720499, -0.08546383089006862, -4.17854453281535;
 -0.01341533801539408, 0.9999034576725007, -0.003619950346047565, -0.8753063471963984;
 0.08540831434699697, 0.004752922397705071, 0.9963346975635673, 61.33661645528185;
 0, 0, 0, 1]
[0.9961405527439997, 0.01622652675758407, -0.08625948648272545, -4.26526803627404;
 -0.01641564929897806, 0.9998641535198693, -0.001483564654909196, -0.8942474210018783;
 0.08622369533353931, 0.002893844394183017, 0.9962715995287883, 62.22174628962848;
 0, 0, 0, 1]
[0.9960124754662886, 0.01930342946843685, -0.08710066777167877, -4.353399438756491;
 -0.01938456023962564, 0.999812098089313, -8.566539303242075e-05, -0.915012074759363;
 0.08708264775390999, 0.001773731941507699, 0.9961995113104438, 63.10601701231843;
 0, 0, 0, 1]
[0.9958959797731842, 0.02086646195006649, -0.08806695315096998, -4.438138330480967;
 -0.02099597686684089, 0.9997794119238566, -0.0005444709282319168, -0.9332714595737732;
 0.08803616544929564, 0.002391288119620413, 0.9961144087473648, 63.9658788519149;
 0, 0, 0, 1]
[0.9957075410008684, 0.02262278364041867, -0.08974799415230333, -4.519413266841017;
 -0.02270775514798687, 0.9997421429236145, 7.428751562140663e-05, -0.9460920794868299;
 0.08972653258731279, 0.001964006836726983, 0.9959645033970849, 64.81437689430757;
 0, 0, 0, 1]
[0.9955710524671644, 0.02394186208294542, -0.09091241240569477, -4.606982381660908;
 -0.02398400960295408, 0.9997121443859568, 0.0006290076264107367, -0.964897226939498;
 0.09090130237123818, 0.001554222387530241, 0.9958586936006438, 65.65748134371734;
 0, 0, 0, 1]
[0.9954297722466707, 0.02398452761578285, -0.09243544212037093, -4.68490108806336;
 -0.02397899616208597, 0.9997117771437566, 0.001170633643508688, -0.9868316096125201;
 0.09243687720817557, 0.001051225530702896, 0.9957179915301733, 66.47873031380774;
 0, 0, 0, 1]
[0.9953152450536673, 0.02443792105065869, -0.09354331070942215, -4.765940485292956;
 -0.02434201906751667, 0.9997013420989478, 0.002166267129401058, -0.9994395278797137;
 0.09356831232567116, 0.0001209143541758242, 0.9956128546318807, 67.28321534605695;
 0, 0, 0, 1]
[0.9950822806134307, 0.02763708212540386, -0.09511806611136848, -4.837548678022182;
 -0.0273130113018499, 0.9996158454759173, 0.004707535139364622, -1.012722387844302;
 0.09521162861120472, -0.002086423987836928, 0.9954548671899408, 68.06819240620567;
 0, 0, 0, 1]
[0.9949060870602077, 0.02951585238764061, -0.09638823781134793, -4.915359992340638;
 -0.02879587899782222, 0.9995461138185241, 0.008852327548458614, -1.026726974631642;
 0.09660577251535599, -0.006031650529783374, 0.9953044478492978, 68.84502992147242;
 0, 0, 0, 1]
[0.9946452880203828, 0.03316921811463329, -0.09788030439528424, -5.001359380288495;
 -0.03229281899641018, 0.9994230337234378, 0.01052489925374899, -1.037344466618152;
 0.09817293343949073, -0.007307710496480285, 0.9951425387888827, 69.61708127757898;
 0, 0, 0, 1]
[0.9944097359691643, 0.03648152989664391, -0.09908771359829142, -5.090657578664946;
 -0.03603248820054319, 0.9993306461959722, 0.006318177554834687, -1.048067406168556;
 0.09925188564362104, -0.002712480403060261, 0.9950586443251708, 70.36801065628592;
 0, 0, 0, 1]
[0.9942633101775172, 0.0369938881642005, -0.1003589670798812, -5.177898226583545;
 -0.03727037645759242, 0.9993048299793698, -0.0008808056585068515, -1.065313458858179;
 0.1002566161086408, 0.004616169233612378, 0.9949509042701803, 71.09982766753895;
 0, 0, 0, 1]
[0.994114575939724, 0.03640672429299732, -0.102033133493177, -5.254555138234225;
 -0.03729613241897441, 0.9992809701031219, -0.00682211817148409, -1.076721255111593;
 0.1017113976443599, 0.01058740837093999, 0.9947576078488748, 71.80889929067941;
 0, 0, 0, 1]
[0.994024555266358, 0.03783007796632354, -0.1023917415057535, -5.334754860040446;
 -0.03886381723810202, 0.9992115303463387, -0.00811919531771242, -1.090842024699831;
 0.1020038589328979, 0.01205001344338034, 0.9947110183057237, 72.50425471844775;
 0, 0, 0, 1]
[0.99383135865893, 0.04101722745558166, -0.1030379425163473, -5.415368021793353;
 -0.04171853534933907, 0.9991185374453556, -0.004659607425040247, -1.107787754673031;
 0.1027559942507051, 0.008929456025236364, 0.9946665121841795, 73.18088892513677;
 0, 0, 0, 1]
[0.9936595171268857, 0.04177855592429972, -0.1043806317668383, -5.487638812647676;
 -0.04225788470728505, 0.9991038926311032, -0.002383885366072425, -1.128950916119696;
 0.1041875002254585, 0.006779675084613964, 0.994534564910901, 73.8344682264139;
 0, 0, 0, 1]
[0.9936521192636378, 0.03915650740593692, -0.1054620017383024, -5.558112343871513;
 -0.03994737608519212, 0.9991872127828408, -0.005396383526231083, -1.152150199305193;
 0.1051649800398835, 0.009575058173336011, 0.994408691250326, 74.47395996614466;
 0, 0, 0, 1]
[0.9939050263174225, 0.03136184157449253, -0.1056845946863574, -5.616171720315586;
 -0.03265566857055956, 0.9994111499518363, -0.01053378669585639, -1.173428099536955;
 0.1052920033581513, 0.01392078464025884, 0.9943439071990258, 75.09110375289259;
 0, 0, 0, 1]
[0.9940929654335665, 0.02752609503438389, -0.1049832851822392, -5.673382761777556;
 -0.02934217786966064, 0.9994446481646512, -0.0157934116927792, -1.185151224538239;
 0.1044902515709598, 0.01878055769114659, 0.9943485696572634, 75.69523941250544;
 0, 0, 0, 1]
[0.9943050248137156, 0.03035294318259892, -0.1021578018085233, -5.732589644509258;
 -0.03217127729808184, 0.9993510962411055, -0.01619862212369872, -1.202764362365017;
 0.1015998353699725, 0.01939291834279672, 0.9946363094975683, 76.28150761476039;
 0, 0, 0, 1]
[0.994545221672737, 0.03549313552387491, -0.09808179942583511, -5.799776482415994;
 -0.03701133610188875, 0.9992208979055767, -0.01370248841348757, -1.215597703779512;
 0.09751903941220352, 0.0172578828206877, 0.9950840177757188, 76.85671883721812;
 0, 0, 0, 1]
[0.9950299537681695, 0.03420963702067359, -0.09351519576532928, -5.847307454982513;
 -0.03540808890031579, 0.9993103319804564, -0.0111860465550992, -1.225818652010774;
 0.09306803073312241, 0.01444164575175815, 0.9955550112994448, 77.41883805650156;
 0, 0, 0, 1]
[0.9956574118726463, 0.03081355989609915, -0.08784556169547081, -5.884655408046414;
 -0.03159302582284973, 0.9994727039446758, -0.007496318354382021, -1.238281924587975;
 0.08756825282269823, 0.01023907203036513, 0.9961058992404046, 77.96595592699562;
 0, 0, 0, 1]
[0.9964535856233188, 0.02679587102557294, -0.07976360695462549, -5.913900385166612;
 -0.02723063933654957, 0.9996196350781085, -0.004367773760971845, -1.256017781162327;
 0.07961622937412864, 0.006524297838475508, 0.9968042383326624, 78.49776851095795;
 0, 0, 0, 1]
[0.9971382238020994, 0.030784347928446, -0.06904843629956026, -5.949923530630277;
 -0.03121328620490135, 0.9994995220967418, -0.005141604095131874, -1.265769500483522;
 0.06885559815356301, 0.007282118579132406, 0.9976000588171157, 79.01571719238653;
 0, 0, 0, 1]
[0.9978707017733013, 0.03632787863072572, -0.05416962042187708, -5.976380285434495;
 -0.03671730067723294, 0.9993063922846437, -0.006210810737948549, -1.277872574741951;
 0.05390642237652801, 0.008186548310259441, 0.9985124325982753, 79.52501029606117;
 0, 0, 0, 1]
[0.9984670764706195, 0.04189363270819325, -0.03617209895382024, -5.990858919990363;
 -0.04214770895611196, 0.9990915904686132, -0.006290030575704033, -1.288405797104322;
 0.03587572764369851, 0.007804959538871246, 0.9993257801000783, 80.02062216811258;
 0, 0, 0, 1]
[0.9990674335370523, 0.04077493527343342, -0.01420098232993156, -5.979670596787421;
 -0.04086884954794925, 0.9991441059890523, -0.006386908795334465, -1.300427300670575;
 0.01392840200147871, 0.006961330388665019, 0.9998787623991739, 80.50675304800933;
 0, 0, 0, 1]
[0.9992112702582816, 0.0377495482181671, 0.01232107942330967, -5.956329455240619;
 -0.03767741183829001, 0.9992717285364824, -0.006035328066816504, -1.316575189646971;
 -0.01253993724063672, 0.005566341440344793, 0.9999058784790542, 80.98221770195219;
 0, 0, 0, 1]
[0.9984228828029762, 0.03704475240669843, 0.0421833310031396, -5.919769031761203;
 -0.03684629083019913, 0.9993059586832266, -0.005472823060300779, -1.329414051314544;
 -0.04235679340377889, 0.003909892494607809, 0.9990948977916104, 81.44229847822115;
 0, 0, 0, 1]
[0.9964627430995068, 0.03705130350805452, 0.07542680241770719, -5.864014609258524;
 -0.03678142835720504, 0.9993110030442621, -0.004964445857311489, -1.342762274175191;
 -0.07555877277066902, 0.002172579807605565, 0.9971389831685291, 81.89459948924379;
 0, 0, 0, 1]
[0.9928594570914963, 0.0373503920790688, 0.1132918650015032, -5.794221230807195;
 -0.03698254448397593, 0.9993016035006326, -0.00534758305691516, -1.357547932475552;
 -0.1134124766834307, 0.001119576973549712, 0.9935473600588592, 82.34238193797239;
 0, 0, 0, 1]
[0.9871222903103763, 0.03795636597102713, 0.1553991578312771, -5.704853508742977;
 -0.03736837004758251, 0.9992790684059921, -0.006704354229517651, -1.368709362774452;
 -0.1555415985914496, 0.0008110042671716076, 0.9878290101934104, 82.77881091759959;
 0, 0, 0, 1]
[0.978885696918717, 0.03815666890672038, 0.2008154899052867, -5.591179453439277;
 -0.03730215930185038, 0.99927169754849, -0.008038867455945559, -1.381722672014397;
 -0.2009759718955893, 0.000378280977324258, 0.9795960982078907, 83.20391409129523;
 0, 0, 0, 1]
[0.967320314918403, 0.04115606680302736, 0.2501950968973327, -5.463583743988584;
 -0.0394282084504915, 0.9991513474207933, -0.01191643090835844, -1.392357071643027;
 -0.2504732016095643, 0.001662261265217657, 0.9681221060191419, 83.60705670127672;
 0, 0, 0, 1]
[0.9518572432367627, 0.04253710602433645, 0.3035759923129366, -5.310966687958944;
 -0.03941398328508647, 0.9990882009393685, -0.01641050472516875, -1.407500762931009;
 -0.3039972473877232, 0.0036553187010473, 0.9526658974823646, 83.99563571332276;
 0, 0, 0, 1]
[0.9320421800525077, 0.04331584775120347, 0.3597514585607159, -5.13632472268542;
 -0.03861611857797984, 0.9990490359800291, -0.0202439890669184, -1.420919251933601;
 -0.3602862334157928, 0.004976046720507892, 0.9328285313872502, 84.36728129076823;
 0, 0, 0, 1]
[0.9076348563672105, 0.04389468731600774, 0.4174592482299346, -4.945784320257021;
 -0.03756249261941022, 0.9990208229994736, -0.02337636331140708, -1.439500285411443;
 -0.4180765798935511, 0.005536392225995177, 0.9083949150593198, 84.71567336711838;
 0, 0, 0, 1]
[0.878442058354778, 0.0445588837851224, 0.4757668084148413, -4.731303395199436;
 -0.03591182276369018, 0.9989832304676975, -0.02725520555982491, -1.451196976109264;
 -0.4764975247566448, 0.006856465572214794, 0.8791490759709902, 85.04779038221807;
 0, 0, 0, 1]
[0.8449565864119664, 0.0433074564704334, 0.5330786351872472, -4.49434457264964;
 -0.03173053232916124, 0.9990197467882599, -0.03086614399669906, -1.469227972684151;
 -0.5338928173305427, 0.009165682799356895, 0.8455024836519851, 85.35297900653219;
 0, 0, 0, 1]
[0.8077110705126569, 0.04251801757659206, 0.5880434037999693, -4.245488065455366;
 -0.02893146235878073, 0.9990530179249009, -0.03249673615805275, -1.500093295980915;
 -0.5888682340363411, 0.009235017948019987, 0.8081762910321105, 85.64182921482802;
 0, 0, 0, 1]
[0.7675867081976453, 0.04145569469061292, 0.6396030571972128, -3.97247651114828;
 -0.0265454048414789, 0.9991060766859791, -0.03289968101590424, -1.519584665860163;
 -0.6403951802442798, 0.008274835760602837, 0.7680010027422031, 85.91182943479852;
 0, 0, 0, 1]
[0.7245179325409133, 0.04146782884214187, 0.688007401557395, -3.68039689932278;
 -0.02624175863107874, 0.999124402371468, -0.03258525264288205, -1.53249253857261;
 -0.6887562235875528, 0.005554075708079345, 0.7249717351127833, 86.16670969489753;
 0, 0, 0, 1]
[0.679244508001939, 0.04113250203608794, 0.73275849747748, -3.372161678676101;
 -0.02361168296754049, 0.9991361200547657, -0.03419798282566763, -1.541429883524044;
 -0.7335321307050172, 0.005927130684869734, 0.6796289298913046, 86.39594725258127;
 0, 0, 0, 1]
[0.6326797817070164, 0.04029691789116958, 0.77336437222543, -3.050492249309027;
 -0.01842790159389255, 0.9991458649239654, -0.03698584929648484, -1.555322669844142;
 -0.7741942303207937, 0.009148716511555872, 0.6328819753509993, 86.60358011424086;
 0, 0, 0, 1]
[0.5857981315936862, 0.03808525306987219, 0.8095616483751865, -2.717448831764111;
 -0.01115066680839162, 0.9991794467711832, -0.03893707461733318, -1.573215141604063;
 -0.8103802882912892, 0.01378211335867367, 0.5857421290126685, 86.78820776483671;
 0, 0, 0, 1]
[0.5387168757860734, 0.04061031901805642, 0.8415075339725386, -2.379793717912215;
 -0.01114142085443246, 0.999093627643011, -0.04108274509411643, -1.590717204232432;
 -0.842413198189959, 0.01275637849765431, 0.5386810543568312, 86.96540341463493;
 0, 0, 0, 1]
[0.4909240800995513, 0.04398480920278652, 0.8700913079314168, -2.039523560495687;
 -0.01334056245822955, 0.9989871316975765, -0.04297371401150375, -1.610170384916926;
 -0.8711002106369313, 0.009489323581736913, 0.4910136207543058, 87.12735518619613;
 0, 0, 0, 1]
[0.4451274908547722, 0.04651534697436543, 0.8942582621263216, -1.694936922406288;
 -0.01264514662886943, 0.9988768704191811, -0.04566287341279152, -1.630548877399202;
 -0.8953779186198796, 0.009017773418789633, 0.4452157483855417, 87.26732273624073;
 0, 0, 0, 1]
[0.4027410083334512, 0.04419455631265102, 0.9142464226885892, -1.338758110733938;
 -0.003711930192775359, 0.9989043180939065, -0.04665174024178553, -1.647180894791507;
 -0.9153064523867389, 0.01539495000547227, 0.4024637794057122, 87.38203754850304;
 0, 0, 0, 1]
[0.3637763237094637, 0.03703459396978782, 0.9307498187794183, -0.9686794854735177;
 0.01296348722084214, 0.9989112600109955, -0.04481342011401882, -1.660978602999454;
 -0.9313961210502764, 0.02836782460347362, 0.3629001683931324, 87.46966797898538;
 0, 0, 0, 1]
[0.3285453185911664, 0.03388097668120244, 0.9438803171223331, -0.5999592417377383;
 0.01863870628250378, 0.9989291879586906, -0.04234472897895285, -1.674029829944615;
 -0.9443042794883131, 0.03150487046972635, 0.3275620107349783, 87.55998861357018;
 0, 0, 0, 1]
[0.2952009277222825, 0.03826990418987335, 0.9546684381004753, -0.2332764725039654;
 0.01716805927431975, 0.9988236875097514, -0.04534863845995095, -1.694232738464883;
 -0.955280937741697, 0.02977676447695109, 0.2941966592003158, 87.65519211351175;
 0, 0, 0, 1]
[0.2636942280423648, 0.04619858806686362, 0.9634993744459667, 0.1347524971519152;
 0.007508401865195186, 0.9987238716955353, -0.04994248699159716, -1.721294626340947;
 -0.9645770980064635, 0.02040388605396952, 0.2630108428094256, 87.75317454445791;
 0, 0, 0, 1]
[0.2350144420265561, 0.0509850223564019, 0.9706537691341147, 0.5173903179521416;
 0.004494501478391216, 0.9985556541652043, -0.05353881761074762, -1.747407112088298;
 -0.9719814872184582, 0.01694500014793067, 0.2344458476377418, 87.83978375796616;
 0, 0, 0, 1]
[0.2094634753825107, 0.05288510841399154, 0.9763852814277366, 0.9099913733362062;
 0.006917233209153943, 0.9984312130760892, -0.05556315901867468, -1.775427274652674;
 -0.9777920046540621, 0.01839233708490374, 0.2087690531931029, 87.90356703422199;
 0, 0, 0, 1]
[0.186070890849143, 0.05434656904478297, 0.9810321472875733, 1.318569232791445;
 0.01453755995472525, 0.9982075110109219, -0.05805535558360189, -1.802545655924403;
 -0.9824287673562738, 0.02506422539071052, 0.1849472943202859, 87.95755671554744;
 0, 0, 0, 1]
[0.1661719186747124, 0.06083635619923422, 0.984218385932901, 1.732982517126771;
 0.02154574557584234, 0.9976328324528664, -0.06530323467981858, -1.819095186229567;
 -0.9858613869563734, 0.03205728273678699, 0.1644677972491508, 88.00163651249896;
 0, 0, 0, 1]
[0.1463719719131578, 0.06768197387225519, 0.9869115442890559, 2.157331869626494;
 0.02426386180460356, 0.9971108922912151, -0.07198009089004738, -1.838537648721441;
 -0.9889320051695056, 0.03448215316606212, 0.1443068614600544, 88.05255598593475;
 0, 0, 0, 1]
[0.12867211886166, 0.06859703089725389, 0.9893118482964469, 2.602003247011226;
 0.02253222030238928, 0.9971449769744668, -0.07207075650241278, -1.868840984779411;
 -0.9914311801007137, 0.0315648894607077, 0.1267591135872991, 88.10543957207794;
 0, 0, 0, 1]
[0.1129641450643048, 0.06428782183548255, 0.9915171092288524, 3.05693010817814;
 0.02069166751869276, 0.9975360134556363, -0.06703548876772458, -1.910783853873485;
 -0.9933835899717615, 0.02808874904087264, 0.1113555806959501, 88.15228731626553;
 0, 0, 0, 1]
[0.09853869026006705, 0.06123442425410777, 0.9932474373528977, 3.523004857179839;
 0.0217892503849641, 0.997732941968946, -0.06367263994564798, -1.947509222353209;
 -0.9948946452210353, 0.02791633565235127, 0.0969810451286916, 88.18847169471572;
 0, 0, 0, 1]
[0.08516499386129714, 0.05912455949152046, 0.9946110849400075, 3.990121423991611;
 0.02462228823618891, 0.9978080814593733, -0.06142292321579715, -1.981603041043797;
 -0.9960625817400316, 0.02972068369491778, 0.08352253718660231, 88.22180027717876;
 0, 0, 0, 1]
[0.07379248732205376, 0.05868259465841971, 0.9955455900655581, 4.48848106864128;
 0.0292937894354603, 0.9977089440119083, -0.06098144749962092, -2.011716514939446;
 -0.9968432889453254, 0.03366327558027787, 0.07190438903064816, 88.24762931428059;
 0, 0, 0, 1]
[0.06380549825551231, 0.05953765746703871, 0.996184784934855, 5.002096100836815;
 0.03296791653501247, 0.9975482108413645, -0.06173073405142862, -2.044928768950575;
 -0.9974176531782983, 0.03678089708701163, 0.06168622810456459, 88.26878762794915;
 0, 0, 0, 1]
[0.05600035620804783, 0.06017423391190749, 0.9966157843811658, 5.530531563075392;
 0.03550436680510718, 0.9974308516214314, -0.06221845523242567, -2.081833477379935;
 -0.9977992784334624, 0.0388684680281589, 0.05372003491067195, 88.29298670240327;
 0, 0, 0, 1]
[0.05050232561789138, 0.06066173588489947, 0.9968799671508174, 6.075700943746583;
 0.0378046977367209, 0.9973221962762626, -0.06260384687638394, -2.117439609146378;
 -0.9980081762872575, 0.04084838569781273, 0.04807379171298094, 88.31398938263432;
 0, 0, 0, 1]
[0.04514372944093907, 0.06186861050324435, 0.9970628459262539, 6.639282394339181;
 0.03997182034236483, 0.9971692302662342, -0.06368500442614605, -2.155142346597639;
 -0.9981804933330839, 0.04272939555667021, 0.04254293695410088, 88.33247455448669;
 0, 0, 0, 1]
[0.03917920982625402, 0.06273080114722691, 0.9972611674505415, 7.223716593225685;
 0.04077483058198981, 0.9970958094828067, -0.06432231263590468, -2.195603319418927;
 -0.9983999212281609, 0.0431832525320653, 0.03650758814755476, 88.35324027054224;
 0, 0, 0, 1]
[0.03493961238454057, 0.06302346786523148, 0.9974002536517914, 7.824273067977908;
 0.04354461681135427, 0.9969658235703612, -0.06452141489008463, -2.237251029065008;
 -0.9984403286291915, 0.04568576507957657, 0.03208926667786842, 88.36704807646758;
 0, 0, 0, 1]
[0.03214819245497838, 0.06311709991142885, 0.9974882081612035, 8.445214135231508;
 0.04549955392656972, 0.9968770007510205, -0.06454483686653271, -2.278513484886732;
 -0.9984469361535236, 0.04746026835590863, 0.02917599378297664, 88.3801790084658;
 0, 0, 0, 1]
[0.02933306101979075, 0.06297590207595531, 0.997583884838227, 9.084413893434553;
 0.04683655287676137, 0.9968305452231462, -0.06430553183624024, -2.320700463712809;
 -0.9984717867049769, 0.04860966846049326, 0.02629051704187955, 88.3950929963203;
 0, 0, 0, 1]
[0.02680997901520386, 0.06281697949569859, 0.9976648997094372, 9.745386869797963;
 0.0486022727453661, 0.9967614283604999, -0.06406616904978274, -2.36369144687603;
 -0.9984583336870831, 0.05020639421196565, 0.02367010500701956, 88.41348305468382;
 0, 0, 0, 1]
[0.0262657085638925, 0.06289851950359415, 0.9976742398187358, 10.41279702824185;
 0.05257983217508693, 0.9965501447451021, -0.06421191678302528, -2.405891211794894;
 -0.9982712425999629, 0.05414411558762852, 0.02286790207161926, 88.42619546796205;
 0, 0, 0, 1]
[0.02730273458290462, 0.06293163026813658, 0.9976443106619162, 11.10008936917663;
 0.05518108354644143, 0.9963997275336398, -0.06436327360788696, -2.455020165147614;
 -0.9981030050565591, 0.05680838743247028, 0.02373180175178958, 88.44132605291084;
 0, 0, 0, 1]
[0.0297448041531946, 0.06311706734768856, 0.997562771175486, 11.80424861544553;
 0.05560939360908598, 0.9963541888328808, -0.06469873057175571, -2.507869572621576;
 -0.9980094398192412, 0.05739831186188547, 0.02612645837246024, 88.46051622423785;
 0, 0, 0, 1]
[0.03377829275325501, 0.0632646209163944, 0.9974249920064062, 12.5231368931232;
 0.05728039542205301, 0.9962315003671944, -0.06512874923117275, -2.558535561124057;
 -0.9977865419211499, 0.05933283590414905, 0.03002717676710014, 88.48146129254515;
 0, 0, 0, 1]
[0.03800832957793144, 0.06309102402783003, 0.9972837557936127, 13.25966336123839;
 0.05656462448997166, 0.9962688751607737, -0.06518260229686043, -2.611037397779519;
 -0.9976752027283238, 0.05888846298726077, 0.03429779567252365, 88.50730185673433;
 0, 0, 0, 1]
[0.04182834536241967, 0.06177062121441443, 0.9972135076697599, 14.0138736617864;
 0.05712001530971807, 0.9963067623832134, -0.06411036640428908, -2.662581124130649;
 -0.9974906983903448, 0.05964248137242439, 0.03814552451442101, 88.54468316060536;
 0, 0, 0, 1]
[0.0457320537280121, 0.06046569736225411, 0.9971220981927506, 14.78332757069983;
 0.05641378980595788, 0.9964171739244646, -0.063010315251614, -2.714233674172862;
 -0.9973595457915593, 0.05913302758082752, 0.04215710459196266, 88.5823370915611;
 0, 0, 0, 1]
[0.04957870101685504, 0.05827686525226106, 0.9970685830883701, 15.56422962081487;
 0.05291786474618834, 0.9967408022612808, -0.06088901952106953, -2.774094171056592;
 -0.9973673606029945, 0.05578153891658875, 0.04633322695336123, 88.62945900027299;
 0, 0, 0, 1]
[0.05356589145868678, 0.057640681264337, 0.996899316448566, 16.36387271764592;
 0.05167191362674471, 0.9968351071518872, -0.06041342972908267, -2.823498970920199;
 -0.9972265081787509, 0.05474779459360636, 0.0504179568482288, 88.67867600822808;
 0, 0, 0, 1]
[0.05758887465070025, 0.05881658329554786, 0.9966063069466812, 17.16007967196596;
 0.04853410160408277, 0.9969177560210709, -0.0616395060930237, -2.881971319024025;
 -0.997159948302151, 0.05191914155054232, 0.05455676165888367, 88.72749343525125;
 0, 0, 0, 1]
[0.06056714691998105, 0.06301509584527301, 0.9961730363795153, 17.96106077091005;
 0.04541701512860128, 0.996797649962214, -0.06581595373928049, -2.950783640103182;
 -0.9971303402518549, 0.04922949040375895, 0.05751123215341816, 88.77967213588349;
